cam_model: Pinhole
cam_width: 2448
cam_height: 2048
scale: 0.5 
cam_fx: 1806.24830027
cam_fy: 1806.24830027
cam_cx: 1207.66190586
cam_cy: 1044.83065264
cam_d0: -0.0724898259056
cam_d1: 0.141395565024
cam_d2: 0.000776887313687
cam_d3: -0.000664833185888
cam_d4: -0.0335271417213
